k=1.000000, x=3.141593, t=4.934802, nx=64, nt=13280, dx=0.049087, dt=0.000301
rank=0,size=1,nproc=64,xproc=0.0000
Average temperature = 0.4936
nx = 64, time [seconds] = 0.7400
