nthreads=2, k=1.000000, x=3.141593, t=4.934802, nx=32, nt=3320, dx=0.098175, dt=0.001205
Average temperature = 0.3997
nthreads = 2, nx = 32, time [seconds] = 0.1500
