nthreads=1, k=1.000000, x=3.141593, t=4.934802, nx=128, nt=53121, dx=0.024544, dt=0.000075
Average temperature = 0.4931
nthreads = 1, nx = 128, time [seconds] = 14.2100
